17:41:47 | wavy03 | 01/02/2017 08:30,0.885,1.71,4.838,5.591,54,25 | 01/02/2017 09:00,0.91,1.57,4.957,6.133,60,25.05 | 01/02/2017 09:30,0.907,1.56,5.074,6.295,49,24.95 | 01/02/2017 10:00,0.903,1.5,4.903,6.089,52,25 | 01/02/2017 10:30,0.942,1.48,4.926,5.487,60,25.1
17:43:33 | wavy03 | 01/02/2017 11:30,0.918,1.51,4.98,5.698,64,25.25 | 01/02/2017 12:00,0.856,1.25,4.787,6.36,56,25.4 | 01/02/2017 12:30,0.861,1.66,4.571,5.768,71,25.35 | 01/02/2017 13:00,0.835,1.24,4.582,6.024,67,25.3 | 01/02/2017 13:30,0.889,1.37,4.476,6.199,64,25.4
18:41:52 | wavy06 | 01/01/2017 02:00,0.747,1.16,4.515,5.083,91,25.45 | 01/01/2017 02:30,0.718,1.61,4.614,6.181,68,25.45 | 01/01/2017 03:00,0.707,1.34,4.568,4.705,73,25.5 | 01/01/2017 03:30,0.729,1.21,4.786,4.484,63,25.5 | 01/01/2017 04:00,0.733,1.2,4.897,5.042,68,25.5
18:44:05 | wavy03 | Date/Time,Hs,Hmax,Tz,Tp,Peak Direction,SST | 01/01/2017 00:00,-99.9,-99.9,-99.9,-99.9,-99.9,-99.9 | 01/01/2017 00:30,0.875,1.39,4.421,4.506,-99.9,-99.9 | 01/01/2017 01:00,0.763,1.15,4.52,5.513,49,25.65 | 01/01/2017 01:30,0.77,1.41,4.582,5.647,75,25.5
21:22:05 | wavy06 | 01/01/2017 04:30,0.711,1.29,5.019,8.439,66,25.5 | 01/01/2017 05:00,0.698,1.11,4.867,4.584,64,25.55 | 01/01/2017 05:30,0.686,1.14,4.755,5.211,56,25.55 | 01/01/2017 06:00,0.721,1.12,4.843,5.813,67,25.5 | 01/01/2017 06:30,0.679,1.22,4.948,4.71,81,25.45
21:22:29 | wavy06 | 01/01/2017 07:00,0.66,1.08,5.068,5.353,90,25.45 | 01/01/2017 07:30,0.662,1.18,5.263,7.436,67,25.4 | 01/01/2017 08:00,0.653,1.21,5.007,6.001,90,25.45 | 01/01/2017 08:30,0.665,1.17,4.952,6.414,90,25.55 | 01/01/2017 09:00,0.684,1.55,5.022,6.691,88,25.6
21:22:57 | wavy06 | 01/01/2017 09:30,0.679,1.09,4.926,6.804,88,25.65 | 01/01/2017 10:00,0.667,1.12,4.928,6.641,122,25.75 | 01/01/2017 10:30,0.688,1.13,4.808,5.958,91,25.7 | 01/01/2017 11:00,0.644,0.99,4.559,6.691,92,25.9 | 01/01/2017 11:30,0.694,1.18,4.442,7.122,98,25.7
22:19:50 | wavy15 | Date/Time,Hs,Hmax,Tz,Tp,Peak Direction,SST | 01/01/2017 00:00,-99.9,-99.9,-99.9,-99.9,-99.9,-99.9 | 01/01/2017 00:30,0.875,1.39,4.421,4.506,-99.9,-99.9 | 01/01/2017 01:00,0.763,1.15,4.52,5.513,49,25.65 | 01/01/2017 01:30,0.77,1.41,4.582,5.647,75,25.5
22:20:00 | wavy15 | 01/01/2017 02:00,0.747,1.16,4.515,5.083,91,25.45 | 01/01/2017 02:30,0.718,1.61,4.614,6.181,68,25.45 | 01/01/2017 03:00,0.707,1.34,4.568,4.705,73,25.5 | 01/01/2017 03:30,0.729,1.21,4.786,4.484,63,25.5 | 01/01/2017 04:00,0.733,1.2,4.897,5.042,68,25.5
23:07:50 | wavy03 | 01/01/2017 02:00,0.747,1.16,4.515,5.083,91,25.45 | 01/01/2017 02:30,0.718,1.61,4.614,6.181,68,25.45 | 01/01/2017 03:00,0.707,1.34,4.568,4.705,73,25.5 | 01/01/2017 03:30,0.729,1.21,4.786,4.484,63,25.5 | 01/01/2017 04:00,0.733,1.2,4.897,5.042,68,25.5
23:08:04 | wavy03 | 01/01/2017 04:30,0.711,1.29,5.019,8.439,66,25.5 | 01/01/2017 05:00,0.698,1.11,4.867,4.584,64,25.55 | 01/01/2017 05:30,0.686,1.14,4.755,5.211,56,25.55 | 01/01/2017 06:00,0.721,1.12,4.843,5.813,67,25.5 | 01/01/2017 06:30,0.679,1.22,4.948,4.71,81,25.45
23:08:20 | wavy03 | 01/01/2017 07:00,0.66,1.08,5.068,5.353,90,25.45 | 01/01/2017 07:30,0.662,1.18,5.263,7.436,67,25.4 | 01/01/2017 08:00,0.653,1.21,5.007,6.001,90,25.45 | 01/01/2017 08:30,0.665,1.17,4.952,6.414,90,25.55 | 01/01/2017 09:00,0.684,1.55,5.022,6.691,88,25.6
18:18:37 | wavy12 | 01/01/2017 01:30 0.77;1.41;4.582;5.647;75;25.5  |  01/01/2017 02:00 0.747;1.16;4.515;5.083;91;25.45  |  01/01/2017 02:30 0.718;1.61;4.614;6.181;68;25.45  |  01/01/2017 03:00 0.707;1.34;4.568;4.705;73;25.5  |  01/01/2017 03:30 0.729;1.21;4.786;4.484;63;25.5
18:19:07 | wavy12 | 01/01/2017 04:00 0.733;1.2;4.897;5.042;68;25.5  |  01/01/2017 04:30 0.711;1.29;5.019;8.439;66;25.5  |  01/01/2017 05:00 0.698;1.11;4.867;4.584;64;25.55  |  01/01/2017 05:30 0.686;1.14;4.755;5.211;56;25.55  |  01/01/2017 06:00 0.721;1.12;4.843;5.813;67;25.5
18:21:51 | wavy12 | 01/01/2017 07:00 0.66;1.08;5.068;5.353;90;25.45  |  01/01/2017 07:30 0.662;1.18;5.263;7.436;67;25.4  |  01/01/2017 08:00 0.653;1.21;5.007;6.001;90;25.45  |  01/01/2017 08:30 0.665;1.17;4.952;6.414;90;25.55  |  01/01/2017 09:00 0.684;1.55;5.022;6.691;88;25.6
18:22:01 | wavy12 | 01/01/2017 09:30 0.679;1.09;4.926;6.804;88;25.65  |  01/01/2017 10:00 0.667;1.12;4.928;6.641;122;25.75  |  01/01/2017 10:30 0.688;1.13;4.808;5.958;91;25.7  |  01/01/2017 11:00 0.644;0.99;4.559;6.691;92;25.9  |  01/01/2017 11:30 0.694;1.18;4.442;7.122;98;25.7
18:22:11 | wavy12 | 01/01/2017 12:00 0.707;1.59;4.314;7.019;97;26  |  01/01/2017 12:30 0.714;1.37;4.14;8.154;88;26.05  |  01/01/2017 13:00 0.739;1.19;4.149;5.668;98;26.05  |  01/01/2017 13:30 0.846;1.51;3.961;7.055;81;26.05  |  01/01/2017 14:00 0.815;1.23;3.963;3.833;73;26.05
18:22:21 | wavy12 | 01/01/2017 14:30 0.903;1.63;4.072;3.652;53;26.15  |  01/01/2017 15:00 0.908;1.48;3.933;3.886;50;26.3  |  01/01/2017 15:30 0.957;1.56;4.105;4.397;43;26.4  |  01/01/2017 16:00 0.996;1.605;4.121;5.468;45;26.4  |  01/01/2017 16:30 1.08;1.78;4.21;4.589;70;26.35
18:22:31 | wavy12 | 01/01/2017 17:00 1.078;1.86;4.285;5.18;40;26.4  |  01/01/2017 17:30 1.125;2.13;4.313;4.854;47;26.3  |  01/01/2017 18:00 1.165;1.69;4.435;5.266;56;26.2  |  01/01/2017 18:30 1.244;1.94;4.527;5.94;54;26.1  |  01/01/2017 19:00 1.234;1.86;4.454;6.329;66;25.95
18:22:42 | wavy12 | 01/01/2017 19:30 1.328;2.564;4.591;5.214;80;25.75  |  01/01/2017 20:00 1.266;2.2;4.404;4.809;-99.9;25.45  |  01/01/2017 20:30 1.171;2.5;4.388;5.368;46;25.4  |  01/01/2017 21:00 1.181;1.92;4.591;5.306;61;25.2  |  01/01/2017 21:30 1.238;2.25;4.579;5.337;75;25.2
18:22:52 | wavy12 | 01/01/2017 22:00 1.201;2.03;4.654;5.984;59;25.15  |  01/01/2017 22:30 1.163;2.06;4.56;5.642;70;25.1  |  01/01/2017 23:00 1.163;2.01;4.507;6.138;60;25.05  |  01/01/2017 23:30 1.153;1.91;4.588;5.971;68;25  |  01/02/2017 00:00 1.088;1.88;4.594;5.512;60;24.95
18:23:00 | wavy12 | 01/02/2017 00:30 1.073;1.97;4.409;5.433;64;24.95  |  01/02/2017 01:00 0.966;1.72;4.246;5.945;61;24.9
